31031031031031,
31310031031031,
11011011011331,
11031031311031,
31031331331031,
31331031031030,
31031310331031,
13031031031031,
33330031311011,
11331331030331,
30331011031330,
31011031030011,
30031330030331,
30331031031030,
11030031031031,
31331331031031,
11031030031030,
33031031030011,
31031031031011,
33031031331311,
31031031010031,
30030010030011,
11010331031031,
31031030011031,
30031311031030,
30031031031031,
33011031011031,
31031030031311,
30031031031030,
31011031031030,
31030010331031,
33031011330031,
31010031011331,
